w: 400
h: 300
focal_x: 3.6241438921561343e+02
focal_y: 3.6241438921561343e+02
center_x: 2.0077275553650682e+02
center_y: 1.6668303747289158e+02
k1: -4.4762267923525406e-01
k2: 1.7729326064678357e+00
k3: -2.5160920158314997e+00
t1: 0.0
t2: 0.0