image_width: 400
image_height: 300
camera_name: bottom
camera_matrix:
  rows: 3
  cols: 3
  data: [508.055923, 0.000000, 205.615709, 0.000000, 506.880166, 148.430349, 0.000000, 0.000000, 1.000000]
distortion_model: plumb_bob
distortion_coefficients:
  rows: 1
  cols: 5
  data: [-0.032360, 1.489126, 0.001058, -0.000348, 0.000000]
rectification_matrix:
  rows: 3
  cols: 3
  data: [1.000000, 0.000000, 0.000000, 0.000000, 1.000000, 0.000000, 0.000000, 0.000000, 1.000000]
projection_matrix:
  rows: 3
  cols: 4
  data: [538.912170, 0.000000, 204.318979, 0.000000, 0.000000, 538.563660, 148.224377, 0.000000, 0.000000, 0.000000, 1.000000, 0.000000]
