image_width: 400
image_height: 300
camera_name: front
camera_matrix:
  rows: 3
  cols: 3
  data: [524.257699, 0.000000, 203.743156, 0.000000, 521.585523, 147.989015, 0.000000, 0.000000, 1.000000]
distortion_model: plumb_bob
distortion_coefficients:
  rows: 1
  cols: 5
  data: [-0.524518, 4.166958, -0.004145, -0.005302, 0.000000]
rectification_matrix:
  rows: 3
  cols: 3
  data: [1.000000, 0.000000, 0.000000, 0.000000, 1.000000, 0.000000, 0.000000, 0.000000, 1.000000]
projection_matrix:
  rows: 3
  cols: 4
  data: [557.209717, 0.000000, 201.473041, 0.000000, 0.000000, 556.926025, 147.115160, 0.000000, 0.000000, 0.000000, 1.000000, 0.000000]
