w: 400
h: 300
focal_x: 508.055923
focal_y: 506.880166
center_x: 205.615709
center_y: 148.430349
k1: -0.524518
k2: 4.166958
k3: -0.004145
t1: -0.005302
t2: 0.0
