w: 400
h: 300
focal_x: 524.257699
focal_y: 521.585523
center_x: 203.743156
center_y: 147.989015
k1: -0.524518
k2: 4.166958
k3: -0.004145
t1: -0.005302
t2: 0.0